0 = black (transparency) 000000
1 = yellow fffb01
2 = red ff2500
3 = blue 202bde

00000000 00000000
00002200 00000000
00002221 11100000
00023221 11111000
02232111 11111100
02221110 01112200
00221103 11000000
00111111 00000000

00111100 00000000
00111111 00000000
00111011 11000000
00011111 11112200
00011111 11111100
00001111 11111000
00000011 11100000
00000000 00000000

re-ordered

00000000
00002200
00002221
00023221
02232111
02221110
00221103
00111111

00000000
00000000
11100000
11111000
11111100
01112200
11000000
00000000

00111100
00111111
00111011
00011111
00011111
00001111
00000011
00000000

00000000
00000000
11000000
11112200
11111100
11111000
11100000
00000000
